2172.3967371162016
206.7859053575439
123.90329287213906
98.85832853696493
70.18512541613383
45.23904693833311
36.90051614989816
27.132225477290994
19.503380126559204
18.64058591784302
17.06917870364746
14.62305894336193
11.916788434316816
10.353748128296738
10.0426488509649
9.250603367810522
8.635427691694247
7.600373690401459
7.278414476402511
7.176989089604063
6.840649605709751
5.938029948124837
5.788034632494379
5.329214014161355
5.179913113388996
4.935011479142266
4.698035754693993
4.376859549158875
4.247205908708338
4.15613790025981
3.9291359128333196
3.6517580044555977
3.5390727494688416
3.3330346961873913
3.228319363811324
3.138519030272711
3.0226936030057248
2.9916179547658373
2.9185987278739787
2.724256426702192
2.591308562671916
2.5380845441837074
2.4561193448804293
2.316212768672024
2.2830237706520253
2.162909514813497
2.0657896977170647
1.9792948332968219
1.9406759078242732
1.8971963790830693
1.8395894587473354
1.762246284560681
1.669078589634594
1.65672478622714
1.6377104957941635
1.579905111004604
1.5568579455200915
1.4758230941437154
1.4493538994365491
1.4076443234636349
1.3750254335760592
1.3063001264837035
1.2805334256970966
1.2627343033933698
1.1951637584159158
1.1728338774969629
1.1048985033859309
1.0792966898752077
1.0486008292017837
1.0336025180753812
1.0095384708207655
1.0018737793775827
0.9890654666438825
0.9623572309540155
0.951948950238286
0.9311481284501137
0.901367675066491
0.8933395625316299
0.8623316141469658
0.830002070249474
0.8067698188259227
0.7734585005119428
0.7731936474640406
0.7511378252936705
0.7275692215062856
0.7001666731942044
0.6854514818689827
0.671224742255203
0.6308540521487142
0.6208523966861461
0.613366806569094
0.5955182748489408
0.5809166047616054
0.5576436796078309
0.5361873297919962
0.518172523274965
0.5066869420677412
0.49378608038902705
0.48030040753963016
0.42111269935603196
