-0.0200725604760686 -0.108983421962914 -0.0559891512039877 -0.0890658457259839
0.169692022070249 -0.0637701524225472 -0.0434375298386842 0.0837488980865807
0.0789003918697858 -0.0804683357018473 -0.00850333974499558 0.0939099676832298
-0.059063114375627 -0.05396152593648 0.0741398713886978 -0.0350485926828246
0.00222124773135094 -0.0648104519734475 -0.0243240013802537 0.0843735648077307
-0.093007325824791 -0.0576230063870979 -0.112898343809382 -0.168178187686112
-0.0341250041862591 0.00578588423373872 -0.0295766986430899 -0.0364023842263563
-0.0165587408802593 0.107646983095396 0.0415371346234344 -0.0347036986588153
0.068579154707376 -0.144225074124897 -0.1128729834503 0.0124422439191746
0.0202558847793372 -0.0666178467229207 -0.0545822515619504 0.0584320056435662
0.142969375356854 -0.163529173177709 -0.11557356622253 -0.0762921359575363
-0.0269027238678156 0.0624305195700238 -0.117388055534184 0.396062804393953
0.0221224777568897 -0.0203573564774214 -0.0971409481909421 -0.0430476517687491
-0.0630702268878089 -0.0471682838890458 -0.0795013310174289 0.0838596134646933
-0.00158755385802341 -0.0043711603594444 -0.0738480361148147 0.020070686164672
0.0125183189265838 -0.0340217285130777 0.143968182622441 -0.101462548476045
0.0201646835010379 0.0268294197211134 0.0665049559073632 -0.248711182487906
-0.0695231862035893 0.0426000963371558 0.0335667814247923 -0.108058254355286
0.0601469692700294 0.169256644004124 0.482221612279347 -0.352475442096006
-0.0708270934854062 0.0662849846168001 0.139603482595291 -0.16002205996067
-0.0378512600184428 0.0509866259925531 0.0917376251189116 -0.0199665408253292
-0.0308178848173679 0.03222098096466 0.0759714791944799 -0.113319005453616
0.0609293227503863 -0.0422874565305089 -0.0748091270644818 -0.201686196514944
-0.0317015198822855 -0.118083849337246 0.0459063538032868 -0.192656955926789
-0.0275219077812565 -0.0733434941672459 -0.155370541219139 -0.131963939341982
-0.0113795798445672 0.107721716660137 0.112525371914646 0.350281319063695
0.012270390262286 -0.151104100190567 -0.125922528849616 -0.180801599625727
0.111233426523201 0.103352123831183 -0.115573822073426 0.283860787924762
-0.00226022402514208 -0.122678042786289 0.00421757013048119 -0.0285420871644076
0.0117754274380711 0.000551675247930472 -0.0281615673858445 0.116230658866255
-0.123169980888179 0.120073137460166 0.158446273145132 -0.0114290892431918
-0.0487517913421607 0.0598699746935179 0.27157631657747 -0.0701066494632854
-0.0057920734335026 -0.0314499045685297 0.155420952977657 0.0532517252636409
-0.0688233384786515 -0.0160709806583417 0.0118671809220494 -0.118567868014491
0.0019842738442065 0.195197882343042 0.0852563833021517 0.0181742057368357
-0.0210864365705636 0.137039458442748 0.0445091650117933 0.359037785189783
0.0217596179174588 -0.078067447929478 0.0247907101736813 -0.0830525934961488
-0.0185745379701244 0.00163684926911158 -0.0382746346898552 -0.00633740154486158
-0.0818395919683271 -0.0734323411081266 0.000899084402252484 0.213421575427912
-0.0959972706740184 0.0855037789225213 0.0254034136225278 0.105492584758378
0.0783969803598327 -0.0573290646797764 -0.0965577959579612 0.0991371637047543
0.0406288831771304 0.0443120081351994 -0.0681330874361781 -0.0317633151483585
0.00278467390833997 -0.0162293743094915 0.00100375691470401 -0.165080407245635
-0.043142254838661 -0.0799158826483927 -0.0380030352178165 0.17243170249769
-0.0610768463997726 0.124560706732473 0.0379991693316441 0.193786374848473
0.0223434325736999 0.0132930711817675 -0.0415247704059681 0.15336921984092
0.0910284713880081 0.0793392053427665 0.11793206483252 -0.0457726633993049
0.00259105157197377 -0.023200483937676 -0.0313026783696803 0.0217026197289331
-0.0456168097203066 0.0138907646051781 0.152358175109437 0.0902675659197113
0.0312856711513917 0.11177346204104 -0.0376583638121934 0.241099171025613
-0.0867830154475206 -0.0325442764046096 0.177507182988512 -0.247732028063847
0.0614107916955245 -0.0023726899326345 0.0388532656907065 -0.0965630196365391
0.0102177027628683 0.0685883131949845 -0.109154345977835 -0.0208938378788133
0.0193142208537443 0.0720632304213767 0.0668937249501855 -0.102670862898819
0.0404748204036274 0.0264395382839892 0.11200151421345 -0.0986144160928556
-0.0339900132227118 0.013543177383719 0.113664623184538 -0.00915348600003672
-0.0181012599203378 0.082382490579286 0.335012879794968 0.102044571990778
-0.0148054832714955 -0.0952038694320219 0.063038700049797 -0.109956504091153
0.0351850844634898 0.0032310862710034 -0.0701686575265265 0.0295303720956681
0.138550923909754 0.0166319154048149 -0.0444861395857258 -0.0973716389316636
-0.00565877818460835 -0.0739210473302359 -0.0439654868940644 -0.0807166464563941
-0.00041101027846567 -0.0470178235569846 -0.0263194171993715 -0.0333919361496766
-0.0318974429383014 0.00743596211580328 -0.0214915405815945 -0.0745339582869361
0.0112214800354172 -0.160399972910236 -0.0755106105218516 -0.0926119335553247
-0.056742867614742 -0.0876633605255647 0.0857727040222398 -0.0565126660580199
0.064533061502485 -0.12885970948471 -0.0375023334712593 -0.307078172254992
0.0876210719673767 -0.0372666921075168 -0.233776507110694 0.141539612881457
0.00835105096189875 0.0866438909136268 -0.00628461469860894 0.241173018125231
-0.0743516628449649 -0.0891365940364635 -0.0527269354603912 -0.148015202676903
0.00585761329298218 -0.0458519393094851 -0.0791903005047203 0.141634152258222
0.0183877093276008 0.153371754056618 0.0282774383844903 0.0458812510614901
0.079401456721365 0.0686098074549462 0.106382328872585 -0.0858174832853041
0.0074118492450765 0.0434556421500533 0.063148818006313 -0.0888237914055216
-0.0181346041123085 -0.0114636066449126 0.0740334315943799 -0.0550279397612642
-0.0100598936644918 0.0713391970713501 -0.0182112526486297 0.0568440959839292
-0.0955799542000962 0.0172410068443497 0.121430202937809 -0.137949954635804
0.0282183580823262 -0.0186047102919396 -0.0992358211947101 0.314302476357884
0.00278672122464866 0.0185052693928707 -0.0584152307927221 -0.140670613526132
0.0671583898388737 -0.0451930428533213 -0.0671780043799131 -0.0946896057219364
-0.0940262046859463 0.073825832185582 0.0382777356000966 -0.100371283003267
-0.026709215942219 0.137942388475007 0.0135649977977136 -0.0423288958012917
-0.0232985849257014 0.0032760179582652 0.015777230464615 0.153697700074569
-0.0581694734327242 0.0126083564315426 -0.106649529158509 0.153689049473981
0.0507474959145581 0.0863812290048988 0.000482544332281635 0.166658883637152
-0.0392613277101536 0.0632329496634972 0.111846314474415 0.00171239760990021
-0.0476316640920347 0.0200839099134427 0.108748309483759 -0.218652931501622
0.021668710246703 0.0218439507966748 -0.0205809444150322 0.0617320361305988
-0.0684671280364311 -0.132426012667839 0.115187117008025 0.0577001401957277
0.0527993655987157 0.0289475127837051 -0.0740937421728022 -0.0195609443315202
0.0275388527599127 0.0155833538265697 0.0599398621465009 -0.026965154705398
-0.0155103591942499 -0.0416892474234423 0.0778354677150675 -0.00374891411565144
-0.0275890343088883 0.0196298545861595 0.254430255717387 -0.0875669873890337
-0.0106904877337168 0.125387898225699 -0.163451008927077 -0.25860193891561
-0.0376935552026994 -0.0924320581275849 -0.0112541040294969 -0.1648028963394
-0.0349341662322799 -0.0668595797062696 0.0391612190575514 -0.146173448259557
-0.0377844610538196 0.131082410867404 -0.0929101133614411 -0.0859250964775001
-0.0838980379143498 -0.0893758226162219 0.0706083224887725 0.0235668584914641
-0.0426394436233167 -0.00881266531319071 -0.0732490493100802 0.199570755946703
0.0844171822858098 0.0796862825716983 0.237691627379518 0.356165279736685
-0.0802531972946054 -0.0106556209678413 -0.0226926244547873 0.189363728493971
