42.52349264640673
14.603691137152378
11.897773928192555
9.798612113505984
8.468403367682805
6.280947505980389
5.834083714026168
5.066550131177147
4.3706149191216
4.102328904946349
3.92782856373917
3.7995241142810463
3.442407317957594
3.2072200119332135
3.160477995690027
2.9339636233399027
2.879452256452445
2.7326564491854093
2.623553525554399
2.5468920216801565
2.459506990010197
2.441338608876532
2.4207531601388834
2.3118524197458523
2.2575841035258035
2.1416777685259927
2.1323218270454065
2.041464594629659
2.003713519075185
1.9493014868780782
1.8874600908060981
1.8281470550694512
1.809529769468386
1.7988554146724007
1.7586219611108713
1.7228620863812172
1.7063788753618976
1.6242966453541985
1.594877204315734
1.5729213145220409
1.5238483126652544
1.5060786196279652
1.474618528222926
1.4510242283197519
1.4381617799233837
1.4022523458753529
1.3858391774055847
1.3685263330570352
1.3578390358654981
1.3336258992395547
1.2944467872000562
1.291077179834466
1.2817828641704583
1.2520516030464284
1.2202344152251052
1.2154078749386215
1.2124340007114636
1.1777637349082608
1.1567945212541264
1.144037559492525
1.1268420035669797
1.105514184797332
1.0949942200732907
1.0886391892742968
1.085713401240542
1.0836791750774446
1.0624243372468996
1.0479716781918746
1.0452955397475732
1.01120778271511
1.0090563443185814
0.9961598110363921
0.9796121582655528
0.9653940618937745
0.9483921026399944
0.9316854310169589
0.9186046719114018
0.9118050866858003
0.900266603162279
0.8920360413573103
0.875766749517728
0.8667209403450501
0.8578244221625589
0.835433464436923
0.829209790163429
0.8098613068363362
0.799183266659111
0.7905664336954935
0.7836602827461752
0.7759231839625406
0.7669542132952182
0.7610426332275516
0.751643786324425
0.7390070430312627
0.7182428473952255
0.7053294514157722
0.6977395327189777
0.6953629577967444
0.6778975253613956
0.6481452429196977
